45 22
58 66 62 62 68 67 63 58 65 64 60 67 66 60 62 61 67 66 66 64 67 65
61 65 63 66 65 62 67 67 64 63 64 64 67 63 64 63 63 64 61 64 60 59
62 67 66 66 67 65 67 59 65 63 66 66 66 67 64 62 64 66 63 62 67 63
60 66 65 67 64 63 67 62 67 61 60 65 59 58 65 67 63 66 66 58 65 65
63 65 60 61 63 66 62 65 60 67 64 66 64 65 68 68 66 59 63 62 66 67
61 61 65 66 61 66 65 63 63 66 66 67 60 64 67 61 66 67 66 63 64 64
64 64 61 59 66 65 66 64 66 67 64 59 63 60 67 63 64 62 60 63 64 66
58 59 64 63 64 67 64 66 63 66 67 64 63 61 65 64 63 66 66 62 67 68
64 67 67 65 64 67 63 62 66 68 65 60 58 62 64 65 66 67 66 62 66 67
65 62 58 65 60 64 60 67 61 65 64 60 64 60 60 65 67 63 61 66 62 63
62 59 66 67 67 61 63 62 64 66 66 65 67 65 59 66 67 67 64 63 60 65
66 65 67 64 61 61 64 62 60 67 61 66 62 67 60 61 63 65 67 64 67 65
66 63 61 68 59 65 60 64 62 67 67 64 67 66 66 65 66 62 67 60 59 64
64 62 66 66 61 66 62 60 67 67 64 61 65 64 59 65 64 62 67 66 64 61
64 62 65 60 62 67 61 65 66 65 60 64 61 67 64 67 63 67 66 62 66 64
67 63 66 61 64 67 62 66 63 59 63 65 66 62 62 62 65 66 66 63 62 63
66 64 61 65 65 61 64 65 62 62 67 65 67 66 62 67 61 64 62 67 60 68
67 66 64 64 58 64 66 66 64 66 63 59 63 59 59 63 66 67 61 60 66 66
66 67 67 66 66 67 58 63 66 62 66 59 62 67 65 65 67 67 66 61 67 59
67 66 64 63 67 67 65 62 62 66 65 62 67 60 64 68 61 64 65 63 67 63
59 63 63 62 66 65 62 62 67 67 60 62 60 63 65 66 61 66 59 58 67 64
65 64 62 66 60 62 64 65 67 64 66 62 64 68 66 66 67 67 61 65 65 61
61 64 67 66 67 62 66 60 66 62 65 66 61 67 61 64 62 68 60 66 58 67
66 66 64 65 63 65 60 59 64 66 67 66 66 62 66 61 66 65 62 62 63 65
66 64 66 66 61 66 60 64 63 67 67 67 63 67 65 63 66 67 66 65 63 64
68 66 67 62 66 60 67 64 67 59 61 60 64 62 65 67 67 64 64 66 64 65
66 62 62 63 62 62 65 65 59 65 64 65 64 67 61 60 60 64 66 62 63 65
64 66 63 66 66 67 61 67 65 66 61 61 66 60 66 61 64 62 65 67 61 65
66 61 62 60 64 64 68 60 63 67 67 60 65 66 64 66 65 65 62 65 65 67
65 65 67 65 67 63 67 64 59 65 66 66 67 67 68 68 65 66 65 64 59 62
66 64 66 62 63 60 59 59 62 60 65 60 65 63 58 62 60 67 65 64 63 63
59 63 60 63 65 66 66 66 67 65 66 63 67 59 61 67 60 59 63 67 64 63
64 59 68 62 66 66 64 67 67 66 61 66 64 66 65 67 66 67 64 65 61 64
67 67 59 62 67 66 67 65 58 63 63 67 62 63 60 64 60 62 67 65 63 65
64 68 67 64 67 66 66 62 66 67 65 62 60 67 64 63 67 66 65 65 66 67
66 64 63 66 66 59 65 66 62 60 64 63 66 65 59 64 65 61 67 67 66 63
64 62 68 66 60 63 67 66 58 66 62 67 58 64 65 60 66 64 67 64 66 65
61 67 66 65 64 61 63 64 62 62 67 66 65 67 66 64 59 67 63 61 64 67
67 64 67 62 65 64 66 67 66 59 60 65 66 65 64 67 67 60 61 65 65 67
63 65 64 61 62 64 63 63 67 61 67 67 63 59 67 65 61 66 59 62 64 67
67 62 64 67 67 61 66 64 66 63 65 61 60 65 67 67 59 64 67 65 58 59
65 62 66 64 65 65 66 62 62 68 60 63 67 59 67 67 62 64 65 66 65 64
65 66 66 67 65 67 62 66 68 66 68 61 67 61 66 65 64 66 66 66 60 62
60 64 60 66 66 67 61 67 63 64 62 64 61 67 65 67 66 60 66 63 63 61
59 64 66 61 63 66 67 66 66 63 64 66 66 61 60 60 64 61 64 65 64 64
