10 20
59 66 66 60 65 66 66 65 66 63 64 67 63 67 60 67 64 66 64 65
60 64 66 66 68 67 60 62 67 59 61 67 65 66 67 65 66 60 61 62
61 59 59 63 64 66 67 65 61 66 66 65 65 66 67 64 66 62 66 64
68 65 64 60 67 59 60 65 66 66 58 66 61 61 67 61 65 66 65 60
65 67 62 66 66 63 62 63 65 61 67 65 67 66 64 66 60 67 60 62
65 63 67 64 66 63 63 62 60 65 68 66 65 68 66 63 66 59 62 62
63 66 64 67 66 66 61 61 65 60 63 67 64 65 66 67 64 65 60 64
61 63 67 65 64 67 67 63 64 68 60 61 66 63 67 65 67 63 62 67
63 64 64 60 63 67 63 59 65 66 65 66 62 62 66 59 66 67 60 65
65 66 59 64 62 63 67 61 65 63 66 67 66 59 63 66 67 66 62 64
